Ts=2.495e-06
t_end=2
fs=20040
V_in=320
V_cc=520
C_cc=0.0066
V_tri=260
K_pwm=1
Lf=0.001
Rlf=0.015
Cf=0.0003
Lg=0.001
Rg=0.02
f=60
Vg_pk=179.6051
f_g=60
theta_g=0
Rlin1=32.9163
Rlin2=8.2291
Rsnlin1=0.73733
Rsnlin2=0.24578
Rnlin1=41.5695
Rnlin2=13.8565
Cnlin1=0.003007
Cnlin2=0.009021
VCap=150